wait(5)

-- SCROLL TO THE "PlayAnimation" FUNCTION FOR FURTHER INSTRUCTION

local Player = owner
local Char = Player.Character
local Hum = Char:WaitForChild("Humanoid")
local RootPart = Char:WaitForChild("HumanoidRootPart")
local Torso = Char:WaitForChild("Torso")
local Head = Char:WaitForChild("Head")
local RA = Char:WaitForChild("Right Arm")
local LA = Char:WaitForChild("Left Arm")
local RL = Char:WaitForChild("Right Leg")
local LL = Char:WaitForChild("Left Leg")
local RunningAnims = {}
local Animating = {}
local PauseAnims = {}

local function tick()
	return os.clock()
end

local function wait(Num)
	local CurrentTick = tick()
	repeat
		game:GetService("RunService").Stepped:Wait()
	until tick() >= CurrentTick + (Num or 0)
end

local function spawn(Func)
	coroutine.wrap(Func)()
end

function CreateWeld(PropertyTable)
	local Weld = Instance.new("Weld")
	Weld.Parent = PropertyTable.Parent
	Weld.Part0 = PropertyTable.Part0
	Weld.Part1 = PropertyTable.Part1
	Weld.C0 = PropertyTable.C0 or CFrame.new()
	return Weld
end

function SetTween(Instance,PropertyTable,Style,Direction,Time)
	Style = Enum.EasingStyle[Style]
	Direction = Enum.EasingDirection[Direction]
	local Info = TweenInfo.new(
		Time,
		Style,
		Direction,
		0,
		false,
		0
	)
	local TweenAnim = game:GetService("TweenService"):Create(Instance,Info,PropertyTable)
	TweenAnim:Play()
	return TweenAnim
end

-- Keyframe Order: Time Position, RJ, Neck, RS, LS, RH, LH

function PlayAnimation(AnimationTable,Priority,TweenTime,Looped,Speed,WaitUntilFinish,FunctionsAfterTime)
	local function Start()
		Priority = Priority or 1
		Speed = Speed or 1
		local Joints = {RJ,Neck,RS,LS,RH,LH,Grip} -- Don't change the first 6 elements. Any tool welds can be added afterward, like "Grip".
		local Id = tick().."/"..tostring(Looped).."|"..Priority
		table.insert(RunningAnims,Id)
		local PausedAnimIDs = {}
		local WaitForAnim
		local Delete = {}
		for v, Anim in pairs(RunningAnims) do
			if Anim ~= Id then
				for i = 2, #AnimationTable[1] do
					if AnimationTable[1][i] and table.find(Animating,tostring(Joints[i - 1].Part1)..Anim) and not table.find(PauseAnims,tostring(Joints[i - 1].Part1)..Anim) then
						if tonumber(string.sub(Anim,string.find(Anim,"|") + 1)) > Priority then
							table.insert(PauseAnims,tostring(Joints[i - 1].Part1)..Id)
							if string.sub(Anim,string.find(Anim,"/") + 1,string.find(Anim,"|") - 1) ~= "true" then
								WaitForAnim = Anim
							end
						elseif tonumber(string.sub(Anim,string.find(Anim,"|") + 1)) <= Priority then
							table.insert(PauseAnims,tostring(Joints[i - 1].Part1)..Anim)
							if not table.find(PausedAnimIDs,Anim) then
								table.insert(PausedAnimIDs,Anim)
							end
						end
					end
				end
				local AnimatingNum = 0
				local PausedNum = 0
				for _, Joint in pairs(Joints) do
					if table.find(Animating,tostring(Joint.Part1)..Anim) then
						AnimatingNum += 1
					end
					if table.find(PauseAnims,tostring(Joint.Part1)..Anim) then
						PausedNum += 1
					end
				end
				if table.find(RunningAnims,Anim) and (PausedNum == AnimatingNum or string.sub(Anim,string.find(Anim,"/") + 1,string.find(Anim,"|") - 1) == "true") then
					table.insert(Delete,Anim)
					if table.find(PausedAnimIDs,Anim) then
						table.remove(PausedAnimIDs,table.find(PausedAnimIDs,Anim))
					end
				end
			end
		end
		for _, Anim in pairs(Delete) do
			table.remove(RunningAnims,table.find(RunningAnims,Anim))
		end
		local Loops = 0
		local TablesCompleted = {}
		repeat
			local Tween
			local CurrentTimePos = AnimationTable[1][1]
			local TweenTime = TweenTime or .1
			for v, Keyframe in pairs(AnimationTable) do
				for i = 2, #Keyframe do
					if Keyframe[i] and table.find(RunningAnims,Id) then
						if not table.find(PauseAnims,tostring(Joints[i - 1].Part1)..Id) then
							if typeof(Keyframe[i]) == "CFrame" then
								if v == 1 then
									if Loops < 1 then
										Tween = SetTween(Joints[i - 1],{C0 = Keyframe[i]},"Linear","In",TweenTime)
									else
										Tween = SetTween(Joints[i - 1],{C0 = Keyframe[i]},"Linear","In",.05 / Speed)
									end
								else
									Tween = SetTween(Joints[i - 1],{C0 = Keyframe[i]},"Linear","In",(Keyframe[1] - CurrentTimePos) / Speed)
								end
							else
								Joints[i - 1].Part0 = Keyframe[i][1]
								if v == 1 then
									if Loops < 1 then
										SetTween(Joints[i - 1],{C0 = Keyframe[i][2]},"Linear","In",0)
									else
										Tween = SetTween(Joints[i - 1],{C0 = Keyframe[i][2]},"Linear","In",.05 / Speed)
									end
								else
									Tween = SetTween(Joints[i - 1],{C0 = Keyframe[i][2]},"Linear","In",(Keyframe[1] - CurrentTimePos) / Speed)
								end
							end
						end
						if not table.find(Animating,tostring(Joints[i - 1].Part1)..Id) then
							table.insert(Animating,tostring(Joints[i - 1].Part1)..Id)
						end
					end
				end
				while Tween and Tween.PlaybackState ~= Enum.PlaybackState.Completed do
					if WaitForAnim and not table.find(RunningAnims,WaitForAnim) then
						WaitForAnim = nil
						for _, Joint in pairs(Joints) do
							if table.find(PauseAnims,tostring(Joint.Part1)..Id) then
								table.remove(PauseAnims,table.find(PauseAnims,tostring(Joint.Part1)..Id))
							end
						end
					end
					local AnimatingNum = 0
					local PausedNum = 0
					for _, Joint in pairs(Joints) do
						if table.find(Animating,tostring(Joint.Part1)..Id) then
							AnimatingNum += 1
						end
						if table.find(PauseAnims,tostring(Joint.Part1)..Id) then
							PausedNum += 1
						end
					end
					if PausedNum == AnimatingNum and table.find(RunningAnims,Id) then
						table.remove(RunningAnims,table.find(RunningAnims,Id))
					end
					if not table.find(RunningAnims,Id) then
						break
					end
					wait()
				end
				if FunctionsAfterTime and #FunctionsAfterTime > 0 then
					for _, Table in pairs(FunctionsAfterTime) do
						if Keyframe[1] >= Table[1] and not table.find(TablesCompleted,Table) then
							spawn(Table[2])
							table.insert(TablesCompleted,Table)
						end
					end
				end
				for i = 2, #Keyframe do
					if Keyframe[i] and AnimationTable[v + 1] and AnimationTable[v + 1][i] == false and table.find(RunningAnims,Id) then
						local LaterKeyframe
						local LaterTimePos
						for _, Keyframe in pairs({table.unpack(AnimationTable,v + 2)}) do
							if Keyframe[i] then
								LaterKeyframe = Keyframe
								LaterTimePos = Keyframe[1]
								break
							end
						end
						if LaterTimePos then
							if not table.find(PauseAnims,tostring(Joints[i - 1].Part1)..Id) then
								if typeof(Keyframe[i]) == "CFrame" then
									SetTween(Joints[i - 1],{C0 = LaterKeyframe[i]},"Linear","In",(LaterTimePos - Keyframe[1]) / Speed)
								else
									Joints[i - 1].Part0 = Keyframe[i][1]
									SetTween(Joints[i - 1],{C0 = LaterKeyframe[i][2]},"Linear","In",(LaterTimePos - Keyframe[1]) / Speed)
								end
							end
							if not table.find(Animating,tostring(Joints[i - 1].Part1)..Id) then
								table.insert(Animating,tostring(Joints[i - 1].Part1)..Id)
							end
						end
					end
				end
				CurrentTimePos = Keyframe[1]
			end
			Loops += 1
			if not Tween then
				wait()
			end
		until not Looped or not table.find(RunningAnims,Id)
		for _, OtherId in pairs(PausedAnimIDs) do
			for _, Joint in pairs(Joints) do
				if table.find(Animating,tostring(Joint.Part1)..Id) and table.find(PauseAnims,tostring(Joint.Part1)..OtherId) then
					table.remove(PauseAnims,table.find(PauseAnims,tostring(Joint.Part1)..OtherId))
				end
			end
		end
		for _, Joint in pairs(Joints) do
			for i, Anim in pairs(Animating) do
				if Anim == tostring(Joint.Part1)..Id then
					table.remove(Animating,i)
				end
			end
			for i, Anim in pairs(PauseAnims) do
				if Anim == tostring(Joint.Part1)..Id then
					table.remove(PauseAnims,i)
				end
			end
		end
		if table.find(RunningAnims,Id) then
			table.remove(RunningAnims,table.find(RunningAnims,Id))
		end
	end
	if WaitUntilFinish then
		Start()
	else
		spawn(Start)
	end
end

local Handle = Instance.new("Part",Char)
Handle.CanCollide = false
Handle.Size = Vector3.new(0.122, 0.182, 1.397)
Handle.Color = Color3.fromRGB(40,40,40)

RJ = CreateWeld({Part0 = RootPart,Part1 = Torso,Parent = RootPart})
Neck = CreateWeld({Part0 = Torso,Part1 = Head,C0 = CFrame.new(0,1.5,0),Parent = RootPart})
RS = CreateWeld({Part0 = Torso,Part1 = RA,C0 = CFrame.new(1.5,0,0),Parent = RootPart})
LS = CreateWeld({Part0 = Torso,Part1 = LA,C0 = CFrame.new(-1.5,0,0),Parent = RootPart})
RH = CreateWeld({Part0 = Torso,Part1 = RL,C0 = CFrame.new(.5,-2,0),Parent = RootPart})
LH = CreateWeld({Part0 = Torso,Part1 = LL,C0 = CFrame.new(-.5,-2,0),Parent = RootPart})
Grip = CreateWeld({Part0 = Torso,Part1 = Handle,C0 = CFrame.new(-2.95,1.79,.55) * CFrame.Angles(math.pi / 2,1.1,math.pi / 2),Parent = RootPart})


local intestines_stolen = {
	{
		0.0000045000051613897085,
		CFrame.new(0, 0, 0, 1, 0, 0, 0, 1, 0, 0, 0, 1),
		CFrame.new(0, 1.5, 0, 1, 0, 0, 0, 1, 0, 0, 0, 1),
		CFrame.new(1.5, 2.38418579e-07, 0, 1, 0, 0, 0, 0.999999762, 0, 0, 0, 1),
		CFrame.new(-1.5, 2.38418579e-07, 0, 1, 0, 0, 0, 0.999999762, 0, 0, 0, 1),
		false,
		false,
	},
	{
		0.03179660000023432,
		CFrame.new(0, 0, 0, 0.999927819, 0.00654625986, 0.0100801382, -0.00655857474, 0.999977767, 0.00118959672, -0.0100721288, -0.00125559932, 0.999948502),
		CFrame.new(0, 1.50000048, -4.76837158e-07, 0.999941766, 4.65661287e-09, -0.0107987151, 5.58793545e-09, 0.99999994, 2.26978045e-08, 0.0107987104, 2.27882992e-08, 0.999941766),
		CFrame.new(1.50529861, 0.0053730011, 0.00355863571, 0.999904156, -0.0107012764, -0.00880666822, 0.0106858099, 0.999941051, -0.00180245761, 0.00882543437, 0.00170823326, 0.999959588),
		CFrame.new(-1.50641251, -0.0183260441, -0.00175857544, 0.999716997, 0.0131023582, 0.019860737, -0.0120361447, 0.998527825, -0.0528853536, -0.0205244217, 0.0526313782, 0.998403132),
		false,
		false,
	},
	{
		0.05927880000672303,
		CFrame.new(0, 0, 0, 0.998988926, 0.0244226027, 0.0377450846, -0.0245950464, 0.999689043, 0.00411093701, -0.0376329459, -0.00503513496, 0.999278963),
		CFrame.new(0, 1.50000024, 0, 0.999183714, -1.86264515e-09, -0.0403988212, -1.86264515e-09, 1, -1.2361852e-08, 0.0403988287, -1.26892701e-08, 0.999183714),
		CFrame.new(1.51937866, 0.0203521252, 0.0135974884, 0.998656034, -0.040098168, -0.032837417, 0.0398816019, 0.999178052, -0.00722401403, 0.0331001021, 0.00590467127, 0.99943465),
		CFrame.new(-1.52508163, -0.0639407635, -0.0037946701, 0.996052682, 0.0541117191, 0.0703624338, -0.0392453857, 0.979476333, -0.197700158, -0.0796162784, 0.194158345, 0.977734029),
		false,
		false,
	},
	{
		0.10104310000315309,
		CFrame.new(0, 0, 0, 0.993647754, 0.0608069673, 0.0946926028, -0.0618903488, 0.998046398, 0.00854373723, -0.0939880908, -0.0143500231, 0.995469868),
		CFrame.new(-3.81469727e-06, 1.50000095, 9.53674316e-07, 0.994870305, -3.7252903e-09, -0.101159297, 3.7252903e-09, 1, 1.92085281e-09, 0.101159304, 0, 0.994870245),
		CFrame.new(1.54613876, 0.0522603989, 0.0355110168, 0.991559029, -0.100718349, -0.0816493556, 0.0993581936, 0.994838953, -0.0205643512, 0.0832992047, 0.0122782234, 0.996448874),
		CFrame.new(-1.56686401, -0.138838768, 0.00837898254, 0.975687861, 0.158039808, 0.151843831, -0.0664748326, 0.873591542, -0.482097924, -0.208840191, 0.460283279, 0.862858593),
		false,
		false,
	},
	{
		0.12999449999188073,
		CFrame.new(0, 0, 0, 0.982224822, 0.100810446, 0.158340275, -0.103842013, 0.9945333, 0.0109690698, -0.156368881, -0.0272164866, 0.987323642),
		CFrame.new(0, 1.49999952, 9.53674316e-07, 0.985640228, -7.4505806e-09, -0.168859094, -7.4505806e-09, 1, -2.18860805e-08, 0.168859109, -2.23517418e-08, 0.985640228),
		CFrame.new(1.5724678, 0.0895853043, 0.061961174, 0.976395428, -0.168541938, -0.135075852, 0.164738342, 0.985568106, -0.0389396697, 0.139689475, 0.0157683082, 0.990069747),
		CFrame.new(-1.61447906, -0.20017767, 0.0553102493, 0.934821665, 0.294144869, 0.198965162, -0.0486685187, 0.661112428, -0.74870652, -0.351766557, 0.690223634, 0.632337987),
		false,
		false,
	},
	{
		0.16273410001304,
		CFrame.new(0, 0, 0, 0.966641545, 0.136776537, 0.21655558, -0.14246583, 0.989740729, 0.01080589, -0.21285589, -0.0412971936, 0.976210475),
		CFrame.new(0, 1.5, 9.53674316e-07, 0.973036647, -1.49011612e-08, -0.230650574, 0, 1, -1.0477379e-09, 0.230650544, -1.86264515e-09, 0.973036647),
		CFrame.new(1.59313583, 0.125230789, 0.0879554749, 0.955741167, -0.230533391, -0.182792976, 0.223401636, 0.972940147, -0.0589800701, 0.191443533, 0.0155334082, 0.981380701),
		CFrame.new(-1.65387535, -0.246300697, 0.134630203, 0.884731293, 0.423010111, 0.195737332, 0.011118643, 0.400672436, -0.916153848, -0.465968966, 0.8127262, 0.349784166),
		false,
		false,
	},
	{
		0.20729489999939688,
		CFrame.new(0, 0, 0, 0.936471522, 0.185761437, 0.297512591, -0.19659622, 0.980462074, 0.00663744658, -0.290466845, -0.0647056401, 0.954694808),
		CFrame.new(-3.81469727e-06, 1.5, 0, 0.948597074, 1.49011612e-08, -0.316486239, 0, 1, -1.02445483e-08, 0.316486239, -7.4505806e-09, 0.948597074),
		CFrame.new(1.61615562, 0.177173615, 0.126998901, 0.915859818, -0.316461891, -0.247088283, 0.302903801, 0.948557079, -0.092132479, 0.263533771, 0.00953646749, 0.964602947),
		CFrame.new(-1.69341278, -0.316981316, 0.306257248, 0.804946423, 0.581882119, 0.11607708, 0.152733684, -0.0141593963, -0.988165855, -0.573352754, 0.813149452, -0.100270592),
		false,
		false,
	},
	{
		0.24401610001223162,
		CFrame.new(0, 0, 0, 0.919062257, 0.207905382, 0.334813356, -0.221709311, 0.975107908, 0.0030897446, -0.325836778, -0.077070877, 0.942279458),
		CFrame.new(5.7220459e-06, 1.50000095, 1.90734863e-06, 0.934470952, 1.49011612e-08, -0.356039584, 2.98023224e-08, 0.99999994, 2.00234354e-08, 0.356039584, 2.98023224e-08, 0.934471011),
		CFrame.new(1.62438774, 0.20204258, 0.146150589, 0.892911017, -0.355865955, -0.275807053, 0.338609904, 0.934526265, -0.109560989, 0.296737999, 0.00443730131, 0.954948783),
		CFrame.new(-1.70311356, -0.360282898, 0.408237457, 0.768348992, 0.637880385, 0.0524232984, 0.234570444, -0.204444245, -0.950357378, -0.595496893, 0.742503047, -0.306712568),
		false,
		false,
	},
	{
		0.2779189000139013,
		CFrame.new(0, 0, 0, 0.906829655, 0.221780181, 0.358432055, -0.237670392, 0.971345782, 0.0002826415, -0.348098814, -0.0854450017, 0.933555782),
		CFrame.new(1.90734863e-06, 1.50000095, 0, 0.924534798, 1.49011612e-08, -0.381097794, 2.98023224e-08, 0.99999994, -2.09547579e-09, 0.381097794, -7.4505806e-09, 0.924534798),
		CFrame.new(1.62877274, 0.218099594, 0.158668518, 0.876814783, -0.38073191, -0.293664992, 0.360882163, 0.924685121, -0.121330291, 0.31774199, 0.000405732542, 0.948177099),
		CFrame.new(-1.70594025, -0.393369675, 0.479454041, 0.746419311, 0.665459216, 0.00468102098, 0.289583266, -0.318464905, -0.902619123, -0.599165618, 0.675087929, -0.430414408),
		false,
		false,
	},
	{
		0.3073402000009082,
		CFrame.new(0, 0, 0, 0.892041862, 0.223052084, 0.393076539, -0.238986701, 0.970984459, -0.00863434002, -0.383597136, -0.0862378478, 0.919465244),
		CFrame.new(3.81469727e-06, 1.50000095, 0, 0.910413504, 1.49011612e-08, -0.413699538, 2.98023224e-08, 1, 2.21189111e-08, 0.413699478, 2.23517418e-08, 0.910413563),
		CFrame.new(1.63225365, 0.226590157, 0.159706116, 0.87266624, -0.391834855, -0.291409135, 0.373203278, 0.920024455, -0.119474083, 0.314917713, -0.00449379534, 0.949108422),
		CFrame.new(-1.69518471, -0.420431137, 0.531261444, 0.744459093, 0.667664826, -0.00219908357, 0.294758737, -0.331613123, -0.896186411, -0.599081337, 0.666525543, -0.443672419),
		false,
		false,
	},
	{
		0.33689929998945445,
		CFrame.new(0, 0, 0, 0.860818565, 0.223059386, 0.45742318, -0.237719059, 0.970982373, -0.026132768, -0.449978977, -0.0862426087, 0.888865113),
		CFrame.new(1.90734863e-06, 1.5, 0, 0.880622149, 1.49011612e-08, -0.473819286, 2.98023224e-08, 1, 2.28174031e-08, 0.473819315, 2.98023224e-08, 0.880622149),
		CFrame.new(1.63835335, 0.240887642, 0.15927124, 0.867046297, -0.409658194, -0.283568084, 0.393913627, 0.912139237, -0.113285385, 0.305061966, -0.0134776086, 0.952237189),
		CFrame.new(-1.67306328, -0.468680382, 0.622684479, 0.744458556, 0.667635202, -0.00666776299, 0.294758946, -0.337604165, -0.893946588, -0.599081337, 0.663540781, -0.448123991),
		false,
		false,
	},
	{
		0.3722070000076201,
		CFrame.new(0, 0, 0, 0.894110441, 0.223032981, 0.38835907, -0.239006609, 0.970989943, -0.00737586245, -0.378737807, -0.0862255394, 0.921478629),
		CFrame.new(-1.90734863e-06, 1.5, 0, 0.912400782, -1.49011612e-08, -0.409298033, -1.49011612e-08, 1, 1.18743628e-08, 0.409298033, 7.4505806e-09, 0.912400901),
		CFrame.new(1.63180161, 0.225564957, 0.159729004, 0.873054802, -0.390546262, -0.291973919, 0.371702582, 0.920575023, -0.119909786, 0.315614343, -0.00383961573, 0.948879838),
		CFrame.new(-1.69677734, -0.416957855, 0.524684906, 0.744458556, 0.667665422, -0.00187799335, 0.294758201, -0.331181943, -0.896345735, -0.599081337, 0.666738987, -0.443351448),
		false,
		false,
	},
	{
		0.3995987999951467,
		CFrame.new(0, 0, 0, 0.957899213, 0.22305949, -0.180758357, -0.201926216, 0.970982313, 0.128137201, 0.204095393, -0.0862426758, 0.975144744),
		CFrame.new(0, 1.5, -4.76837158e-07, 0.992371798, 0, 0.123280942, -1.49011612e-08, 1, -1.11758709e-08, -0.123280942, 0, 0.992371798),
		CFrame.new(1.57209396, 0.114514351, 0.155265331, 0.901116908, -0.243072852, -0.359031856, 0.196037591, 0.967010498, -0.162663221, 0.386726677, 0.0761948451, 0.919041157),
		CFrame.new(-1.87594986, -0.0251808167, -0.217572212, 0.744458735, 0.666780472, 0.0344207287, 0.294758886, -0.281965107, -0.913023889, -0.599081159, 0.689854324, -0.406451017),
		false,
		false,
	},
	{
		0.4260762000048999,
		CFrame.new(0, 0, 0, 0.773205101, 0.222837448, -0.593714833, -0.122175068, 0.971033812, 0.205344886, 0.62227571, -0.0862365365, 0.778033495),
		CFrame.new(0, 1.5, 0, 0.851548791, 2.98023224e-08, 0.524275124, 2.98023224e-08, 0.99999994, 2.79396772e-08, -0.524275124, 2.98023224e-08, 0.851548791),
		CFrame.new(1.51379585, 0.0354099274, 0.142009735, 0.901167393, -0.126423225, -0.414625436, 0.0519361608, 0.981123924, -0.18627359, 0.430348337, 0.146329686, 0.890723228),
		CFrame.new(-2.01598549, 0.282234192, -0.799835205, 0.744461477, 0.664699852, 0.0628588647, 0.2947523, -0.242718935, -0.924233913, -0.599081218, 0.706584215, -0.376616776),
		false,
		false,
	},
	{
		0.46874040001421236,
		CFrame.new(0, 0, 0, 0.63492316, 0.223059416, -0.739673734, -0.0775848031, 0.970982432, 0.22621648, 0.768669844, -0.0862426311, 0.633805215),
		CFrame.new(1.90734863e-06, 1.50000095, -1.90734863e-06, 0.737919688, 0, 0.67488879, 0, 1.00000012, 1.49011612e-08, -0.67488879, 1.49011612e-08, 0.737919688),
		CFrame.new(1.48526001, 0.00332546234, 0.133537292, 0.894980669, -0.075540036, -0.439662993, -0.0123894475, 0.980969906, -0.193763942, 0.445933193, 0.17886214, 0.877013206),
		CFrame.new(-2.07757568, 0.417786598, -1.05652237, 0.744459033, 0.663399756, 0.0753787905, 0.294758856, -0.225257561, -0.928642333, -0.599081457, 0.713554323, -0.363238007),
		false,
		false,
	},
	{
		0.50185380000039,
		CFrame.new(0, 0, 0, 0.687448323, 0.223050445, -0.69113189, -0.0939556658, 0.970984399, 0.219912916, 0.720129907, -0.0862430036, 0.688458443),
		CFrame.new(0, 1.50000095, 0, 0.78151536, 1.49011612e-08, 0.62388587, -1.49011612e-08, 1.00000012, -1.11758709e-08, -0.623885989, 1.49011612e-08, 0.781515419),
		CFrame.new(1.49557877, 0.0145101547, 0.136732101, 0.897603989, -0.0935557634, -0.430760056, 0.0104826801, 0.981471419, -0.191320166, 0.440677941, 0.1672142, 0.881953716),
		CFrame.new(-2.05571365, 0.369647026, -0.965368271, 0.744458616, 0.663888991, 0.0709363669, 0.294758499, -0.231468633, -0.927113533, -0.599081218, 0.711106718, -0.368005991),
		false,
		false,
	},
	{
		0.5342168000061065,
		CFrame.new(0, 0, 0, 0.709439218, 0.223366842, -0.668433607, -0.101737782, 0.970970511, 0.216485009, 0.697384894, -0.0855780095, 0.711569369),
		CFrame.new(0.000511169434, 1.5, 0.000686645508, 0.801685572, 0.00102430582, 0.597745597, 2.98023224e-08, 0.999998629, -0.00171361305, -0.597746372, 0.00137373805, 0.801684201),
		CFrame.new(1.50048447, 0.0210552216, 0.138389587, 0.898719609, -0.102448665, -0.426389337, 0.0217298046, 0.981536925, -0.190033346, 0.437985659, 0.161521211, 0.884352803),
		CFrame.new(-2.04656029, 0.34693718, -0.92010498, 0.742427528, 0.666389883, 0.0687500164, 0.295473427, -0.233618751, -0.9263466, -0.601246655, 0.708058655, -0.370345414),
		false,
		false,
	},
	{
		0.5621932999929413,
		CFrame.new(0, 0, 0, 0.692717016, 0.225327641, -0.685106337, -0.101059377, 0.970895052, 0.217139944, 0.714093983, -0.0811801106, 0.695326984),
		CFrame.new(0.00387954712, 1.49995804, 0.00520324707, 0.801685989, 0.00775897503, 0.597695291, 1.49011612e-08, 0.999915659, -0.0129803643, -0.597745538, 0.0104061514, 0.801618457),
		CFrame.new(1.49982834, 0.0273313522, 0.139421463, 0.89871949, -0.102448583, -0.426389217, 0.0217298381, 0.981536925, -0.190033183, 0.437985301, 0.161521107, 0.884352744),
		CFrame.new(-2.05694008, 0.353377342, -0.917421341, 0.728898466, 0.681160629, 0.0687539726, 0.300100148, -0.227629364, -0.926350236, -0.615343094, 0.695848227, -0.370335191),
		false,
		false,
	},
	{
		0.6196889000129886,
		CFrame.new(0, 0, 0, 0.646283269, 0.230040818, -0.727598131, -0.0991786644, 0.970713854, 0.218810737, 0.756624997, -0.0692515001, 0.65017128),
		CFrame.new(0.0128498077, 1.49953842, 0.0172290802, 0.801685989, 0.0256939083, 0.597192764, -2.98023224e-08, 0.999075711, -0.042984657, -0.597745299, 0.0344602019, 0.800945044),
		CFrame.new(1.49808311, 0.044054985, 0.14217186, 0.898719251, -0.102448545, -0.426389098, 0.0217298418, 0.981536865, -0.190033168, 0.437985271, 0.161521107, 0.884352624),
		CFrame.new(-2.08320618, 0.370621681, -0.91019249, 0.691436052, 0.719158351, 0.0687555075, 0.311840743, -0.211255476, -0.926350951, -0.651668191, 0.661953151, -0.370332658),
		false,
		false,
	},
	{
		0.6582253999949899,
		CFrame.new(0, 0, 0, 0.605578065, 0.233389944, -0.760791898, -0.0975325629, 0.970585823, 0.220114619, 0.789786458, -0.0590946078, 0.610528648),
		CFrame.new(0.0203151703, 1.49884319, 0.0272445679, 0.801685631, 0.0406311005, 0.596363366, 0, 0.997686982, -0.0679738522, -0.597745836, 0.0544936359, 0.79983151),
		CFrame.new(1.49662781, 0.0579977036, 0.144468307, 0.89871949, -0.102448598, -0.426389158, 0.021729799, 0.981536806, -0.190033168, 0.43798542, 0.161521137, 0.884352744),
		CFrame.new(-2.10356903, 0.385109901, -0.904148102, 0.658682227, 0.749273419, 0.0687528402, 0.320953399, -0.19714728, -0.926348448, -0.680534005, 0.632235706, -0.370339394),
		false,
		false,
	},
	{
		0.6943331999937072,
		CFrame.new(0, 0, 0, 0.595176816, 0.234140664, -0.768728018, -0.0971122757, 0.970557332, 0.220426381, 0.797705293, -0.0565397367, 0.60039109),
		CFrame.new(0.0221710205, 1.49862289, 0.0297393799, 0.801685333, 0.0443464443, 0.596099019, 1.49011612e-08, 0.997244298, -0.0741894096, -0.597746372, 0.0594765544, 0.799476027),
		CFrame.new(1.49626541, 0.0614700317, 0.145040512, 0.89871937, -0.102448545, -0.426389158, 0.0217298437, 0.981537044, -0.190033183, 0.437985301, 0.161521107, 0.884352803),
		CFrame.new(-2.10841942, 0.388736725, -0.902647018, 0.650321305, 0.756541789, 0.0687509924, 0.323124826, -0.193574995, -0.926347256, -0.687512159, 0.624638319, -0.370343357),
		false,
		false,
	},
	{
		0.7177628999925219,
		CFrame.new(0, 0, 0, 0.626872241, 0.231719509, -0.743866384, -0.0983931273, 0.970650315, 0.219446272, 0.77288419, -0.0643734634, 0.631273389),
		CFrame.new(0.016450882, 1.49924088, 0.0220623016, 0.80168736, 0.032899648, 0.596837521, -1.04308128e-07, 0.998484015, -0.0550396256, -0.59774363, 0.0441244692, 0.800472081),
		CFrame.new(1.49738312, 0.050778389, 0.143280029, 0.89871949, -0.102448583, -0.426389039, 0.0217297934, 0.981536746, -0.190033138, 0.43798545, 0.161521077, 0.884352684),
		CFrame.new(-2.09319878, 0.377588272, -0.907276154, 0.675809801, 0.733861208, 0.0687644407, 0.316302985, -0.20448032, -0.926358342, -0.665757716, 0.647792578, -0.370312452),
		false,
		false,
	},
	{
		0.7518234000017401,
		CFrame.new(0, 0, 0, 0.669949114, 0.22775647, -0.706608236, -0.100135244, 0.970804214, 0.217972845, 0.735622942, -0.0752743185, 0.673195839),
		CFrame.new(0.00834274292, 1.49980545, 0.0111885071, 0.801691115, 0.0166848004, 0.597505569, -1.34110451e-07, 0.999610424, -0.0279130079, -0.597738564, 0.0223775357, 0.801378667),
		CFrame.new(1.49896049, 0.0356531143, 0.140792847, 0.89871937, -0.102448553, -0.426389158, 0.0217298344, 0.981536984, -0.190033168, 0.43798545, 0.161521107, 0.884352744),
		CFrame.new(-2.07025719, 0.36192131, -0.913841248, 0.710515738, 0.700311065, 0.0687882826, 0.306016207, -0.219481125, -0.92638123, -0.633657217, 0.679258585, -0.370251358),
		false,
		false,
	},
	{
		0.773400500009302,
		CFrame.new(0, 0, 0, 0.789172769, 0.211595029, -0.576570809, -0.104971595, 0.971434712, 0.212827355, 0.605134189, -0.107434005, 0.788841307),
		CFrame.new(-0.0168571472, 1.49920368, -0.0226068497, 0.801698446, -0.0337138772, 0.59677732, 6.10947609e-07, 0.998408139, 0.0564024299, -0.59772867, -0.0452173948, 0.800422251),
		CFrame.new(1.5038681, -0.0113391876, 0.133060455, 0.898719549, -0.102448568, -0.426389128, 0.0217298046, 0.981536806, -0.190033138, 0.43798539, 0.161521077, 0.884352684),
		CFrame.new(-1.98847198, 0.313766479, -0.93355751, 0.807380915, 0.586003304, 0.0688193291, 0.269648671, -0.262716889, -0.926428199, -0.524810016, 0.766537428, -0.370127738),
		false,
		false,
	},
	{
		0.8040786999918055,
		CFrame.new(0, 0, 0, 0.868876517, 0.194200486, -0.455345809, -0.108236194, 0.972108662, 0.208061859, 0.4830513, -0.131495163, 0.86566186),
		CFrame.new(-0.0375480652, 1.49603844, -0.050362587, 0.801685393, -0.0751009732, 0.59300971, 0, 0.99207598, 0.125640199, -0.597746372, -0.100723863, 0.795332611),
		CFrame.new(1.50790787, -0.0500812531, 0.126684189, 0.89871943, -0.102448568, -0.426389098, 0.0217298269, 0.981537044, -0.190033123, 0.437985361, 0.161521122, 0.884352684),
		CFrame.new(-1.90921783, 0.274267197, -0.94781208, 0.873619735, 0.481728226, 0.0687496066, 0.235154986, -0.29425326, -0.926346242, -0.426017344, 0.825440824, -0.370346338),
		false,
		false,
	},
	{
		0.8285583000106271,
		CFrame.new(0, 0, 0, 0.968380451, 0.151884928, -0.197914809, -0.112322465, 0.973799169, 0.197734296, 0.222762138, -0.16925174, 0.960068166),
		CFrame.new(-0.0765914917, 1.48330069, -0.102733135, 0.801727593, -0.153186053, 0.577725649, 9.23871994e-06, 0.966601253, 0.256284982, -0.597689629, -0.205465421, 0.774952352),
		CFrame.new(1.51565933, -0.12429142, 0.114470959, 0.89871943, -0.102448568, -0.426389098, 0.021729812, 0.981536925, -0.190033138, 0.43798539, 0.161521122, 0.884352744),
		CFrame.new(-1.72872925, 0.196485043, -0.965753555, 0.962413251, 0.262722284, 0.068835102, 0.159249961, -0.340586394, -0.92662859, -0.220001698, 0.902761161, -0.369623393),
		false,
		false,
	},
	{
		0.8683175999904051,
		CFrame.new(0, 0, 0, 0.955640793, 0.0568657182, 0.288993031, -0.11208427, 0.977575064, 0.178280279, -0.272374362, -0.202763498, 0.940584481),
		CFrame.new(-0.142663956, 1.43935537, -0.191347122, 0.801727176, -0.285321325, 0.525190651, 1.78068876e-05, 0.87871182, 0.477352232, -0.597690105, -0.382696986, 0.704492331),
		CFrame.new(1.52951813, -0.257142305, 0.0926113129, 0.89871949, -0.10244856, -0.426389158, 0.0217298046, 0.981536746, -0.190033153, 0.437985361, 0.161521077, 0.884352744),
		CFrame.new(-1.32347107, 0.0428562164, -0.945310593, 0.985141456, -0.157419264, 0.0686696917, 0.00452166796, -0.375923038, -0.926639616, 0.171685487, 0.913181603, -0.369625658),
		false,
		false,
	},
	{
		0.8906078000145499,
		CFrame.new(0, 0, 0, 0.861806929, 0.00766096963, 0.507178485, -0.108479999, 0.97953558, 0.16953522, -0.495500565, -0.201125354, 0.845001519),
		CFrame.new(-0.1720047, 1.40888906, -0.230703354, 0.801714361, -0.344010293, 0.488784999, 1.54429581e-05, 0.817778707, 0.575532913, -0.597707152, -0.461405456, 0.655630171),
		CFrame.new(1.53624344, -0.321553707, 0.0820083618, 0.89871937, -0.102448568, -0.426389068, 0.0217298102, 0.981536984, -0.190033153, 0.43798539, 0.161521107, 0.884352684),
		CFrame.new(-1.09770393, -0.0425648689, -0.902238846, 0.932106018, -0.35562247, 0.0686367303, -0.0725894943, -0.36909005, -0.926554501, 0.354836792, 0.858664393, -0.369845539),
		false,
		false,
	},
	{
		0.9262448000081349,
		CFrame.new(0, 0, 0, 0.724569678, -0.0376320817, 0.688173354, -0.103134587, 0.981344581, 0.162253082, -0.681441188, -0.188538119, 0.707171321),
		CFrame.new(-0.197883606, 1.37470222, -0.265405655, 0.801697969, -0.395768851, 0.447936922, 8.03172588e-06, 0.74940449, 0.662112296, -0.597729325, -0.530810416, 0.600799263),
		CFrame.new(1.54266167, -0.383046865, 0.07188797, 0.89871943, -0.102448568, -0.426389098, 0.0217298456, 0.981536806, -0.190033138, 0.437985301, 0.161521122, 0.884352684),
		CFrame.new(-0.870714188, -0.132757068, -0.837173462, 0.844638228, -0.53091377, 0.0686765388, -0.143444896, -0.348048031, -0.92643708, 0.515761137, 0.772652984, -0.370131731),
		false,
		false,
	},
	{
		0.9434518000052776,
		CFrame.new(0, 0, 0, 0.641982675, -0.0585916154, 0.764477074, -0.099898912, 0.982183993, 0.159169108, -0.760183215, -0.178554237, 0.624691904),
		CFrame.new(-0.209775925, 1.35614204, -0.281345367, 0.801689446, -0.419550717, 0.425759614, 2.83448026e-06, 0.712283909, 0.701891363, -0.597740889, -0.562697649, 0.571031749),
		CFrame.new(1.54582596, -0.413362861, 0.0669021606, 0.89871943, -0.102448568, -0.426389188, 0.0217298381, 0.981536925, -0.190033153, 0.437985301, 0.161521152, 0.884352744),
		CFrame.new(-0.756259918, -0.180651069, -0.79599762, 0.789270461, -0.610188246, 0.0687214285, -0.176525205, -0.33266452, -0.926376224, 0.58812511, 0.719030261, -0.370275944),
		false,
		false,
	},
	{
		0.9660811999929138,
		CFrame.new(0, 0, 0, 0.601730227, -0.0676799715, 0.795826674, -0.0983146355, 0.98254931, 0.157895952, -0.792625368, -0.173252195, 0.584575653),
		CFrame.new(-0.214959145, 1.34738564, -0.288299561, 0.801687062, -0.429916203, 0.415294677, 1.40775228e-06, 0.694771707, 0.719230354, -0.59774375, -0.576597095, 0.556990206),
		CFrame.new(1.54725933, -0.427092195, 0.0646400452, 0.89871943, -0.102448545, -0.426389098, 0.0217298307, 0.981536984, -0.190033153, 0.43798542, 0.161521107, 0.884352684),
		CFrame.new(-0.704104424, -0.203141332, -0.775341034, 0.761720061, -0.644250035, 0.0687354207, -0.190974981, -0.324630439, -0.926360369, 0.619121313, 0.692500412, -0.370313168),
		false,
		false,
	},
	{
		0.9909361000172794,
		CFrame.new(0, 0, 0, 0.569053352, -0.0746009573, 0.818909585, -0.0970254391, 0.982828021, 0.156955764, -0.816556394, -0.168771267, 0.552043378),
		CFrame.new(-0.218925476, 1.34037828, -0.293621063, 0.801686227, -0.43785435, 0.406918645, 6.47269189e-07, 0.680756748, 0.732509553, -0.59774518, -0.587242484, 0.545753539),
		CFrame.new(1.54838276, -0.437848806, 0.0628700256, 0.898719549, -0.102448545, -0.426389217, 0.0217298567, 0.981536984, -0.190033123, 0.437985301, 0.161521122, 0.884352684),
		CFrame.new(-0.663163185, -0.221115828, -0.758274078, 0.739107013, -0.670071065, 0.0687423795, -0.202036396, -0.317885876, -0.926352978, 0.642574549, 0.670785427, -0.370330572),
		false,
		false,
	},
	{
		1.0284136999980547,
		CFrame.new(0, 0, 0, 0.552040637, -0.0780551806, 0.83015573, -0.0963548571, 0.982967138, 0.156497702, -0.828231215, -0.166382626, 0.535116732),
		CFrame.new(-0.220917702, 1.33676004, -0.296291351, 0.801685393, -0.44183588, 0.402593851, -3.86498868e-08, 0.673519611, 0.739169598, -0.597746313, -0.592581332, 0.539950669),
		CFrame.new(1.54895306, -0.443328023, 0.0619697571, 0.89871949, -0.102448575, -0.426389158, 0.0217298046, 0.981537044, -0.190033168, 0.43798551, 0.161521122, 0.884352803),
		CFrame.new(-0.642292023, -0.230385065, -0.749279022, 0.727249503, -0.682921112, 0.0687496066, -0.207583249, -0.314312637, -0.926345885, 0.654230237, 0.659413218, -0.370346844),
		false,
		false,
	},
	{
		1.0723710000165738,
		CFrame.new(0, 0, 0, 0.578975141, -0.0725401565, 0.812111795, -0.0974185169, 0.982744694, 0.15723373, -0.80950433, -0.170149162, 0.56191802),
		CFrame.new(-0.217743874, 1.34249783, -0.292030334, 0.80168575, -0.435485989, 0.409452736, 4.558824e-07, 0.684995532, 0.728547156, -0.597745478, -0.584065676, 0.54915148),
		CFrame.new(1.5480442, -0.43461597, 0.0634078979, 0.898719311, -0.102448553, -0.426389098, 0.0217298269, 0.981536925, -0.190033123, 0.437985361, 0.161521107, 0.884352624),
		CFrame.new(-0.675474167, -0.215674996, -0.763477325, 0.74599576, -0.662392378, 0.0687449276, -0.198740602, -0.319963753, -0.926350296, 0.635603607, 0.677391171, -0.370336115),
		false,
		false,
	},
	{
		1.0959596000029705,
		CFrame.new(0, 0, 0, 0.611291587, -0.0655792132, 0.788683593, -0.0986969024, 0.982463658, 0.158189908, -0.78522706, -0.174540803, 0.594099343),
		CFrame.new(-0.213760376, 1.34945214, -0.286689758, 0.801685274, -0.427517056, 0.417767853, -4.38885763e-08, 0.698904753, 0.715214849, -0.597746432, -0.573377013, 0.560301542),
		CFrame.new(1.54692268, -0.423882008, 0.0651702881, 0.89871943, -0.102448568, -0.426389128, 0.021729853, 0.981536865, -0.190033138, 0.437985331, 0.161521107, 0.884352624),
		CFrame.new(-0.716315269, -0.1978091, -0.780273438, 0.768295884, -0.636391997, 0.0687495545, -0.187642887, -0.326608628, -0.926345825, 0.611973286, 0.698807299, -0.370346606),
		false,
		false,
	},
	{
		1.139807200001087,
		CFrame.new(0, 0, 0, 0.651511073, -0.0563400798, 0.756544173, -0.10028322, 0.982091546, 0.159497306, -0.751981795, -0.179782942, 0.634193599),
		CFrame.new(-0.208496094, 1.3582381, -0.279634476, 0.80168581, -0.416993976, 0.428270966, 3.24565917e-07, 0.716477036, 0.697610497, -0.597745776, -0.559264302, 0.574389577),
		CFrame.new(1.54548073, -0.410024166, 0.0674514771, 0.898719549, -0.102448568, -0.426389217, 0.0217298344, 0.981536806, -0.190033123, 0.43798542, 0.161521107, 0.884352744),
		CFrame.new(-0.768917084, -0.175208807, -0.800811768, 0.795741677, -0.601722002, 0.0687463358, -0.172982812, -0.33459419, -0.926349461, 0.580407143, 0.725242853, -0.370338231),
		false,
		false,
	},
	{
		1.1623580000014044,
		CFrame.new(0, 0, 0, 0.67175734, -0.0514220819, 0.738984287, -0.101082571, 0.981893301, 0.160211727, -0.733842254, -0.182321846, 0.654396117),
		CFrame.new(-0.205703735, 1.36272717, -0.275888443, 0.801685274, -0.411410421, 0.433638394, -4.65661287e-09, 0.725455344, 0.688269198, -0.597746372, -0.551775217, 0.581586838),
		CFrame.new(1.54472733, -0.402806163, 0.0686397552, 0.898719549, -0.10244856, -0.426389188, 0.0217298269, 0.981536865, -0.190033153, 0.437985361, 0.161521092, 0.884352684),
		CFrame.new(-0.796245575, -0.163626075, -0.810997009, 0.809422076, -0.58318913, 0.0687496439, -0.16521433, -0.338507682, -0.926345706, 0.563507199, 0.738446116, -0.370346844),
		false,
		false,
	},
	{
		1.2084774000104517,
		CFrame.new(0, 0, 0, 0.675276101, -0.0505477227, 0.735830784, -0.101221174, 0.981858134, 0.160339773, -0.73058635, -0.182755291, 0.657908916),
		CFrame.new(-0.19137001, 1.37279034, -0.272771835, 0.846498668, -0.382741988, 0.37006548, 0.0464839488, 0.745580852, 0.664791882, -0.530357718, -0.545543432, 0.64892453),
		CFrame.new(1.54459381, -0.401532769, 0.0688495636, 0.898718894, -0.102448925, -0.426390111, 0.0217297822, 0.981536806, -0.190033704, 0.437986314, 0.161521479, 0.884352207),
		CFrame.new(-0.804841995, -0.163411975, -0.814388275, 0.813383758, -0.578149736, 0.064418219, -0.159274742, -0.327836215, -0.931211412, 0.55949831, 0.747172058, -0.358741403),
		false,
		false,
	},
	{
		1.239485500002047,
		CFrame.new(0, 0, 0, 0.675276101, -0.0505477227, 0.735830784, -0.101221174, 0.981858134, 0.160339773, -0.73058635, -0.182755291, 0.657908916),
		CFrame.new(-0.170667648, 1.3873589, -0.266130447, 0.904216707, -0.341332734, 0.256679147, 0.116002694, 0.774718404, 0.621574342, -0.411017805, -0.532262504, 0.740108728),
		CFrame.new(1.54459381, -0.401532769, 0.0688495636, 0.898718894, -0.102448925, -0.426390111, 0.0217297785, 0.981536806, -0.190033704, 0.437986314, 0.161521479, 0.884352207),
		CFrame.new(-0.810968399, -0.16637373, -0.816770554, 0.815956116, -0.575242639, 0.0575474352, -0.152017459, -0.309533477, -0.938658476, 0.557769239, 0.757155716, -0.340012729),
		false,
		false,
	},
	{
		1.2652807999984361,
		CFrame.new(0, 0, 0, 0.675276101, -0.0505477339, 0.735830784, -0.101221189, 0.981858134, 0.160339803, -0.73058635, -0.182755321, 0.657908916),
		CFrame.new(-0.154266357, 1.39965856, -0.257829666, 0.939443886, -0.308531225, 0.149176598, 0.171038076, 0.7993173, 0.57605356, -0.296970069, -0.51565516, 0.803684294),
		CFrame.new(1.54459381, -0.401532769, 0.0688495636, 0.898718953, -0.102448933, -0.426390171, 0.0217297934, 0.981536865, -0.190033674, 0.437986284, 0.161521494, 0.884352207),
		CFrame.new(-0.816402435, -0.169020057, -0.818628311, 0.818228185, -0.572573662, 0.0515981838, -0.145708472, -0.293367118, -0.944830418, 0.556122184, 0.765568495, -0.323470086),
		false,
		false,
	},
	{
		1.2963776999968104,
		CFrame.new(0, 0, 0, 0.675276101, -0.0505477227, 0.735830784, -0.101221174, 0.981858134, 0.160339773, -0.73058635, -0.182755291, 0.657908916),
		CFrame.new(-0.141658783, 1.40974391, -0.249080658, 0.957584858, -0.283322185, 0.0525322855, 0.213282213, 0.819488347, 0.531929851, -0.193757296, -0.49816376, 0.845157266),
		CFrame.new(1.54459381, -0.401532769, 0.0688495636, 0.898718894, -0.102448918, -0.426390111, 0.0217297859, 0.981536806, -0.190033704, 0.437986314, 0.161521479, 0.884352207),
		CFrame.new(-0.821113586, -0.171327233, -0.820051193, 0.820190907, -0.57019347, 0.0465471521, -0.140332893, -0.279401928, -0.949863732, 0.554611444, 0.772537291, -0.309179902),
		false,
		false,
	},
	{
		1.3217941999901086,
		CFrame.new(0, 0, 0, 0.675276041, -0.0505477339, 0.735830724, -0.101221174, 0.981858075, 0.160339758, -0.73058629, -0.182755277, 0.657908857),
		CFrame.new(-0.127147675, 1.42237556, -0.235443115, 0.963789821, -0.254295439, -0.0802667737, 0.261761159, 0.844751716, 0.466771126, -0.0508923531, -0.470880032, 0.880727887),
		CFrame.new(1.54459381, -0.401532888, 0.0688476562, 0.898718834, -0.10244894, -0.426390022, 0.0217297599, 0.981536686, -0.190033659, 0.437986255, 0.16152145, 0.884351969),
		CFrame.new(-0.827468872, -0.174452186, -0.821699142, 0.822828233, -0.566888332, 0.0398842245, -0.133214638, -0.260633469, -0.956202626, 0.552455425, 0.781477571, -0.2899746),
		false,
		false,
	},
	{
		1.3513306000095326,
		CFrame.new(0, 0, 0, 0.675276101, -0.0505477227, 0.735830784, -0.101221174, 0.981858134, 0.160339773, -0.73058635, -0.182755291, 0.657908916),
		CFrame.new(-0.115436554, 1.43390834, -0.219995499, 0.949057579, -0.230873123, -0.214446843, 0.300522119, 0.867816567, 0.395702869, 0.0947432518, -0.439990759, 0.892990351),
		CFrame.new(1.54459381, -0.401532769, 0.0688495636, 0.898718894, -0.102448925, -0.426390111, 0.0217297748, 0.981536806, -0.190033689, 0.437986314, 0.161521479, 0.884352207),
		CFrame.new(-0.833911896, -0.177627921, -0.823064804, 0.825489044, -0.563434958, 0.0333063081, -0.126155674, -0.241704166, -0.962114096, 0.55013895, 0.790012717, -0.27060461),
		false,
		false,
	},
	{
		1.376809500012314,
		CFrame.new(0, 0, 0, 0.675276101, -0.0505477227, 0.735830784, -0.101221174, 0.981858134, 0.160339773, -0.73058635, -0.182755291, 0.657908916),
		CFrame.new(-0.107585907, 1.44297719, -0.205415726, 0.919031799, -0.215173215, -0.330274254, 0.325979292, 0.885954261, 0.329882383, 0.221625924, -0.410834968, 0.884362221),
		CFrame.new(1.54459381, -0.401532769, 0.0688495636, 0.898718894, -0.102448918, -0.426390111, 0.0217297785, 0.981536806, -0.190033689, 0.437986314, 0.161521479, 0.884352207),
		CFrame.new(-0.83962059, -0.180443525, -0.824028015, 0.827834308, -0.560292184, 0.0276228189, -0.12003015, -0.225015596, -0.966933489, 0.547980905, 0.797145188, -0.253527641),
		false,
		false,
	},
	{
		1.4032971000124235,
		CFrame.new(0, 0, 0, 0.675276101, -0.0505477265, 0.735830784, -0.101221174, 0.981858134, 0.160339773, -0.73058635, -0.182755291, 0.657908916),
